n = 23;

c = [|    0,  456,  452,  701,  841,  584,  196,  624,  442,  622,  612,  342,  613,  754,  382,  377,  403,   95,  558, 1555,  444,  774,  362
     |  456,    0,  867,  230,  500,  178,  580,  699,  227,  153,  210,  356,  219, 1005,  347,  270,  519,  413,  102, 1944,  503,  444,  235
     |  452,  867,    0, 1105, 1251, 1012,  336, 1007,  842, 1050, 1040,  560, 1014,  754,  609,  679,  481,  476,  983, 1023,  498, 1175,  666
     |  701,  230, 1105,    0,  495,  128,  812,  691,  257,   79,  215,  567,  223, 1024,  568,  480,  729,  645,  180, 2179,  687,  471,  472
     |  841,  500, 1251,  495,    0,  575,  926,  241,  423,  550,  692,  840,  322,  595,  828,  772,  917,  761,  402, 2256,  981,   54,  740
     |  584,  178, 1012,  128,  575,    0,  710,  774,  338,   74,  128,  450,  306, 1110,  451,  363,  612,  546,  197, 2080,  562,  551,  356
     |  196,  580,  336,  812,  926,  710,    0,  694,  547,  748,  738,  528,  719,  559,  559,  542,  569,  173,  688, 1407,  632,  879,  510
     |  624,  699, 1007,  691,  241,  774,  694,    0,  599,  777,  921,  833,  520,  352,  855,  844,  874,  556,  607, 2020,  937,  275,  817
     |  442,  227,  842,  257,  423,  338,  547,  599,    0,  311,  455,  399,  172,  908,  383,  367,  497,  366,  141, 1851,  549,  360,  335
     |  622,  153, 1050,   79,  550,   74,  748,  777,  311,    0,  162,  487,  281, 1077,  488,  401,  650,  565,  171, 2096,  608,  525,  394
     |  612,  210, 1040,  215,  692,  128,  738,  921,  455,  162,    0,  485,  423, 1146,  483,  399,  619,  584,  314, 2114,  582,  686,  391
     |  342,  356,  560,  567,  840,  450,  528,  833,  399,  487,  485,    0,  567, 1085,   52,   86,  160,  431,  462, 1658,  180,  774,  122
     |  613,  219, 1014,  223,  322,  306,  719,  520,  172,  281,  423,  567,    0,  853,  570,  490,  676,  538,  121, 2102,  725,  260,  459
     |  754, 1005,  754, 1024,  595, 1110,  559,  352,  908, 1077, 1146, 1085,  853,    0, 1130, 1119, 1147,  655,  919, 1671, 1211,  628, 1089
     |  382,  347,  609,  568,  828,  451,  559,  855,  383,  488,  483,   52,  570, 1130,    0,  107,  210,  458,  455, 1708,  215,  762,  115
     |  377,  270,  679,  480,  772,  363,  542,  844,  367,  401,  399,   86,  490, 1119,  107,    0,  275,  447,  374, 1825,  233,  716,   36
     |  403,  519,  481,  729,  917,  612,  569,  874,  497,  650,  619,  160,  676, 1147,  210,  275,    0,  481,  606, 1560,   74,  860,  282
     |   95,  413,  476,  645,  761,  546,  173,  556,  366,  565,  584,  431,  538,  655,  458,  447,  481,    0,  507, 1552,  532,  698,  409
     |  558,  102,  983,  180,  402,  197,  688,  607,  141,  171,  314,  462,  121,  919,  455,  374,  606,  507,    0, 2045,  606,  346,  337
     | 1555, 1944, 1023, 2179, 2256, 2080, 1407, 2020, 1851, 2096, 2114, 1658, 2102, 1671, 1708, 1825, 1560, 1552, 2045,    0, 1590, 2185, 1761
     |  444,  503,  498,  687,  981,  562,  632,  937,  549,  608,  582,  180,  725, 1211,  215,  233,   74,  532,  606, 1590,    0,  890,  269
     |  774,  444, 1175,  471,   54,  551,  879,  275,  360,  525,  686,  774,  260,  628,  762,  716,  860,  698,  346, 2185,  890,    0,  677
     |  362,  235,  666,  472,  740,  356,  510,  817,  335,  394,  391,  122,  459, 1089,  115,   36,  282,  409,  337, 1761,  269,  677,    0 |];